==========================================================================================
I3Photons summary
==========================================================================================
CSV output: /project/def-nahee/kbas/Graphnet-Applications/Playground/Datasets/summary.csv
Scanned files (total): 53390
OK: 53179
FAIL: 211
Elapsed seconds: 3022.8

Per-section totals (OK files only):
section                                    n_files     sum_photons   sum_frames_with_key   sum_nonempty_frames  unique_strings_union
------------------------------------------------------------------------------------------
340string/Electron_I3Photons                  6851     10711925138               1368600                268420                   340
340string/Muon_I3Photons                      9675     33889998272               1926560                593674                   340
340string/Tau_I3Photons                       9962     11319316440               1992200                396801                   340
98String/Electron_I3Photons                   6881      3141044673                138619                138619                   102
98String/Muon_I3Photons                       9816     10003532514                344350                344350                   102
98String/Tau_I3Photons                        9994      3458418240                206721                206721                   102

==========================================================================================
Per-section UNIQUE string ID lists (UNION over all scanned files)
==========================================================================================

[340string/Electron_I3Photons] unique_string_id_count = 340
  1, 2, 3, 4, 5, 6, 7, 8, 9, 10, 11, 12, 13, 14, 15, 16, 17, 18, 19, 20, 21, 22, 23, 24
  25, 26, 27, 28, 29, 30, 31, 32, 33, 34, 35, 36, 37, 38, 39, 40, 41, 42, 43, 44, 45, 46
  47, 48, 49, 50, 51, 52, 53, 54, 55, 56, 57, 58, 59, 60, 61, 62, 63, 64, 65, 66, 67, 68
  69, 70, 71, 72, 73, 74, 75, 76, 77, 78, 79, 80, 81, 82, 83, 84, 85, 86, 87, 88, 89, 90
  91, 92, 93, 94, 95, 96, 97, 98, 99, 100, 101, 102, 103, 104, 105, 106, 107, 108, 109
  110, 111, 112, 113, 114, 115, 116, 117, 118, 119, 120, 121, 122, 123, 124, 125, 126, 127
  128, 129, 130, 131, 132, 133, 134, 135, 136, 137, 138, 139, 140, 141, 142, 143, 144, 145
  146, 147, 148, 149, 150, 151, 152, 153, 154, 155, 156, 157, 158, 159, 160, 161, 162, 163
  164, 165, 166, 167, 168, 169, 170, 171, 172, 173, 174, 175, 176, 177, 178, 179, 180, 181
  182, 183, 184, 185, 186, 187, 188, 189, 190, 191, 192, 193, 194, 195, 196, 197, 198, 199
  200, 201, 202, 203, 204, 205, 206, 207, 208, 209, 210, 211, 212, 213, 214, 215, 216, 217
  218, 219, 220, 221, 222, 223, 224, 225, 226, 227, 228, 229, 230, 231, 232, 233, 234, 235
  236, 237, 238, 239, 240, 241, 242, 243, 244, 245, 246, 247, 248, 249, 250, 251, 252, 253
  254, 255, 256, 257, 258, 259, 260, 261, 262, 263, 264, 265, 266, 267, 268, 269, 270, 271
  272, 273, 274, 275, 276, 277, 278, 279, 280, 281, 282, 283, 284, 285, 286, 287, 288, 289
  290, 291, 292, 293, 294, 295, 296, 297, 298, 299, 300, 301, 302, 303, 304, 305, 306, 307
  308, 309, 310, 311, 312, 313, 314, 315, 316, 317, 318, 319, 320, 321, 322, 323, 324, 325
  326, 327, 328, 329, 330, 331, 332, 333, 334, 335, 336, 337, 338, 339, 340

[340string/Muon_I3Photons] unique_string_id_count = 340
  1, 2, 3, 4, 5, 6, 7, 8, 9, 10, 11, 12, 13, 14, 15, 16, 17, 18, 19, 20, 21, 22, 23, 24
  25, 26, 27, 28, 29, 30, 31, 32, 33, 34, 35, 36, 37, 38, 39, 40, 41, 42, 43, 44, 45, 46
  47, 48, 49, 50, 51, 52, 53, 54, 55, 56, 57, 58, 59, 60, 61, 62, 63, 64, 65, 66, 67, 68
  69, 70, 71, 72, 73, 74, 75, 76, 77, 78, 79, 80, 81, 82, 83, 84, 85, 86, 87, 88, 89, 90
  91, 92, 93, 94, 95, 96, 97, 98, 99, 100, 101, 102, 103, 104, 105, 106, 107, 108, 109
  110, 111, 112, 113, 114, 115, 116, 117, 118, 119, 120, 121, 122, 123, 124, 125, 126, 127
  128, 129, 130, 131, 132, 133, 134, 135, 136, 137, 138, 139, 140, 141, 142, 143, 144, 145
  146, 147, 148, 149, 150, 151, 152, 153, 154, 155, 156, 157, 158, 159, 160, 161, 162, 163
  164, 165, 166, 167, 168, 169, 170, 171, 172, 173, 174, 175, 176, 177, 178, 179, 180, 181
  182, 183, 184, 185, 186, 187, 188, 189, 190, 191, 192, 193, 194, 195, 196, 197, 198, 199
  200, 201, 202, 203, 204, 205, 206, 207, 208, 209, 210, 211, 212, 213, 214, 215, 216, 217
  218, 219, 220, 221, 222, 223, 224, 225, 226, 227, 228, 229, 230, 231, 232, 233, 234, 235
  236, 237, 238, 239, 240, 241, 242, 243, 244, 245, 246, 247, 248, 249, 250, 251, 252, 253
  254, 255, 256, 257, 258, 259, 260, 261, 262, 263, 264, 265, 266, 267, 268, 269, 270, 271
  272, 273, 274, 275, 276, 277, 278, 279, 280, 281, 282, 283, 284, 285, 286, 287, 288, 289
  290, 291, 292, 293, 294, 295, 296, 297, 298, 299, 300, 301, 302, 303, 304, 305, 306, 307
  308, 309, 310, 311, 312, 313, 314, 315, 316, 317, 318, 319, 320, 321, 322, 323, 324, 325
  326, 327, 328, 329, 330, 331, 332, 333, 334, 335, 336, 337, 338, 339, 340

[340string/Tau_I3Photons] unique_string_id_count = 340
  1, 2, 3, 4, 5, 6, 7, 8, 9, 10, 11, 12, 13, 14, 15, 16, 17, 18, 19, 20, 21, 22, 23, 24
  25, 26, 27, 28, 29, 30, 31, 32, 33, 34, 35, 36, 37, 38, 39, 40, 41, 42, 43, 44, 45, 46
  47, 48, 49, 50, 51, 52, 53, 54, 55, 56, 57, 58, 59, 60, 61, 62, 63, 64, 65, 66, 67, 68
  69, 70, 71, 72, 73, 74, 75, 76, 77, 78, 79, 80, 81, 82, 83, 84, 85, 86, 87, 88, 89, 90
  91, 92, 93, 94, 95, 96, 97, 98, 99, 100, 101, 102, 103, 104, 105, 106, 107, 108, 109
  110, 111, 112, 113, 114, 115, 116, 117, 118, 119, 120, 121, 122, 123, 124, 125, 126, 127
  128, 129, 130, 131, 132, 133, 134, 135, 136, 137, 138, 139, 140, 141, 142, 143, 144, 145
  146, 147, 148, 149, 150, 151, 152, 153, 154, 155, 156, 157, 158, 159, 160, 161, 162, 163
  164, 165, 166, 167, 168, 169, 170, 171, 172, 173, 174, 175, 176, 177, 178, 179, 180, 181
  182, 183, 184, 185, 186, 187, 188, 189, 190, 191, 192, 193, 194, 195, 196, 197, 198, 199
  200, 201, 202, 203, 204, 205, 206, 207, 208, 209, 210, 211, 212, 213, 214, 215, 216, 217
  218, 219, 220, 221, 222, 223, 224, 225, 226, 227, 228, 229, 230, 231, 232, 233, 234, 235
  236, 237, 238, 239, 240, 241, 242, 243, 244, 245, 246, 247, 248, 249, 250, 251, 252, 253
  254, 255, 256, 257, 258, 259, 260, 261, 262, 263, 264, 265, 266, 267, 268, 269, 270, 271
  272, 273, 274, 275, 276, 277, 278, 279, 280, 281, 282, 283, 284, 285, 286, 287, 288, 289
  290, 291, 292, 293, 294, 295, 296, 297, 298, 299, 300, 301, 302, 303, 304, 305, 306, 307
  308, 309, 310, 311, 312, 313, 314, 315, 316, 317, 318, 319, 320, 321, 322, 323, 324, 325
  326, 327, 328, 329, 330, 331, 332, 333, 334, 335, 336, 337, 338, 339, 340

[98String/Electron_I3Photons] unique_string_id_count = 102
  29, 30, 36, 37, 44, 45, 46, 51, 52, 53, 61, 62, 68, 69, 77, 78, 79, 80, 81, 84, 85, 86
  87, 88, 95, 96, 97, 98, 99, 100, 102, 103, 104, 105, 106, 107, 114, 115, 117, 118, 121
  122, 124, 125, 153, 154, 157, 158, 161, 162, 165, 166, 172, 173, 174, 176, 177, 178, 180
  181, 182, 184, 185, 186, 192, 193, 196, 197, 200, 201, 204, 205, 214, 215, 216, 217, 218
  222, 223, 224, 225, 226, 232, 233, 234, 235, 236, 237, 240, 241, 242, 243, 244, 245, 250
  251, 253, 254, 258, 259, 261, 262

[98String/Muon_I3Photons] unique_string_id_count = 102
  29, 30, 36, 37, 44, 45, 46, 51, 52, 53, 61, 62, 68, 69, 77, 78, 79, 80, 81, 84, 85, 86
  87, 88, 95, 96, 97, 98, 99, 100, 102, 103, 104, 105, 106, 107, 114, 115, 117, 118, 121
  122, 124, 125, 153, 154, 157, 158, 161, 162, 165, 166, 172, 173, 174, 176, 177, 178, 180
  181, 182, 184, 185, 186, 192, 193, 196, 197, 200, 201, 204, 205, 214, 215, 216, 217, 218
  222, 223, 224, 225, 226, 232, 233, 234, 235, 236, 237, 240, 241, 242, 243, 244, 245, 250
  251, 253, 254, 258, 259, 261, 262

[98String/Tau_I3Photons] unique_string_id_count = 102
  29, 30, 36, 37, 44, 45, 46, 51, 52, 53, 61, 62, 68, 69, 77, 78, 79, 80, 81, 84, 85, 86
  87, 88, 95, 96, 97, 98, 99, 100, 102, 103, 104, 105, 106, 107, 114, 115, 117, 118, 121
  122, 124, 125, 153, 154, 157, 158, 161, 162, 165, 166, 172, 173, 174, 176, 177, 178, 180
  181, 182, 184, 185, 186, 192, 193, 196, 197, 200, 201, 204, 205, 214, 215, 216, 217, 218
  222, 223, 224, 225, 226, 232, 233, 234, 235, 236, 237, 240, 241, 242, 243, 244, 245, 250
  251, 253, 254, 258, 259, 261, 262

==========================================================================================
Failures (first 20):
==========================================================================================
- /project/6008051/pone_simulation/MC000003-nu_e-2_7-LeptonInjector_PROPOSAL_clsim-v10/Generator/gen_1150.i3.zst | input stream error
- /project/6008051/pone_simulation/MC000003-nu_e-2_7-LeptonInjector_PROPOSAL_clsim-v10/Generator/gen_1492.i3.zst | input stream error
- /project/6008051/pone_simulation/MC000003-nu_e-2_7-LeptonInjector_PROPOSAL_clsim-v10/Generator/gen_2363.i3.zst | input stream error
- /project/6008051/pone_simulation/MC000003-nu_e-2_7-LeptonInjector_PROPOSAL_clsim-v10/Generator/gen_2404.i3.zst | input stream error
- /project/6008051/pone_simulation/MC000003-nu_e-2_7-LeptonInjector_PROPOSAL_clsim-v10/Generator/gen_2418.i3.zst | input stream error
- /project/6008051/pone_simulation/MC000003-nu_e-2_7-LeptonInjector_PROPOSAL_clsim-v10/Generator/gen_2798.i3.zst | input stream error
- /project/6008051/pone_simulation/MC000003-nu_e-2_7-LeptonInjector_PROPOSAL_clsim-v10/Generator/gen_2959.i3.zst | input stream error
- /project/6008051/pone_simulation/MC000003-nu_e-2_7-LeptonInjector_PROPOSAL_clsim-v10/Generator/gen_3157.i3.zst | input stream error
- /project/6008051/pone_simulation/MC000003-nu_e-2_7-LeptonInjector_PROPOSAL_clsim-v10/Generator/gen_3491.i3.zst | input stream error
- /project/6008051/pone_simulation/MC000003-nu_e-2_7-LeptonInjector_PROPOSAL_clsim-v10/Generator/gen_3882.i3.zst | input stream error
- /project/6008051/pone_simulation/MC000003-nu_e-2_7-LeptonInjector_PROPOSAL_clsim-v10/Generator/gen_3930.i3.zst | input stream error
- /project/6008051/pone_simulation/MC000003-nu_e-2_7-LeptonInjector_PROPOSAL_clsim-v10/Generator/gen_4415.i3.zst | input stream error
- /project/6008051/pone_simulation/MC000003-nu_e-2_7-LeptonInjector_PROPOSAL_clsim-v10/Generator/gen_5257.i3.zst | input stream error
- /project/6008051/pone_simulation/MC000003-nu_e-2_7-LeptonInjector_PROPOSAL_clsim-v10/Generator/gen_590.i3.zst | input stream error
- /project/6008051/pone_simulation/MC000003-nu_e-2_7-LeptonInjector_PROPOSAL_clsim-v10/Generator/gen_5971.i3.zst | input stream error
- /project/6008051/pone_simulation/MC000003-nu_e-2_7-LeptonInjector_PROPOSAL_clsim-v10/Generator/gen_6044.i3.zst | input stream error
- /project/6008051/pone_simulation/MC000003-nu_e-2_7-LeptonInjector_PROPOSAL_clsim-v10/Generator/gen_703.i3.zst | input stream error
- /project/6008051/pone_simulation/MC000003-nu_e-2_7-LeptonInjector_PROPOSAL_clsim-v10/Generator/gen_7084.i3.zst | input stream error
- /project/6008051/pone_simulation/MC000003-nu_e-2_7-LeptonInjector_PROPOSAL_clsim-v10/Generator/gen_7383.i3.zst | input stream error
- /project/6008051/pone_simulation/MC000003-nu_e-2_7-LeptonInjector_PROPOSAL_clsim-v10/Generator/gen_7504.i3.zst | input stream error
