==========================================================================================
PMT Response summary (EventPulseSeries vs EventPulseSeries_nonoise)
==========================================================================================
CSV output: /project/def-nahee/kbas/Graphnet-Applications/Playground/Datasets/summary_pmt.csv
Scanned files (total): 53390
OK: 52864
FAIL: 526
Elapsed seconds: 1684.1

Per-section aggregates (OK files only):
section                                 n_files  avg_eps_pulses  avg_nonoise_pulses
------------------------------------------------------------------------------------------
102String/Electron_PMT_Response            6868        11645.37              512.31
102String/Muon_PMT_Response                9784        28643.64             1878.20
102String/Tau_PMT_Response                 9975        11907.51              496.44
340String/Electron_PMT_Response            6787       107744.90             1741.62
340String/Muon_PMT_Response                9545       194262.62             6309.68
340String/Tau_PMT_Response                 9905       107710.05             1679.16

==========================================================================================
Section-wise UNION of unique string IDs (over ALL files)
==========================================================================================

[102String/Electron_PMT_Response]
  EPS union unique strings count: 102
  EPS strings: 29, 30, 36, 37, 44, 45, 46, 51, 52, 53, 61, 62, 68, 69, 77, 78, 79, 80, 81, 84, 85, 86, 87, 88, 95, 96
               97, 98, 99, 100, 102, 103, 104, 105, 106, 107, 114, 115, 117, 118, 121, 122, 124, 125, 153, 154, 157, 158
               161, 162, 165, 166, 172, 173, 174, 176, 177, 178, 180, 181, 182, 184, 185, 186, 192, 193, 196, 197, 200
               201, 204, 205, 214, 215, 216, 217, 218, 222, 223, 224, 225, 226, 232, 233, 234, 235, 236, 237, 240, 241
               242, 243, 244, 245, 250, 251, 253, 254, 258, 259, 261, 262
  NONOISE union unique strings count: 102
  NONOISE strings: 29, 30, 36, 37, 44, 45, 46, 51, 52, 53, 61, 62, 68, 69, 77, 78, 79, 80, 81, 84, 85, 86, 87, 88, 95
                   96, 97, 98, 99, 100, 102, 103, 104, 105, 106, 107, 114, 115, 117, 118, 121, 122, 124, 125, 153, 154
                   157, 158, 161, 162, 165, 166, 172, 173, 174, 176, 177, 178, 180, 181, 182, 184, 185, 186, 192, 193
                   196, 197, 200, 201, 204, 205, 214, 215, 216, 217, 218, 222, 223, 224, 225, 226, 232, 233, 234, 235
                   236, 237, 240, 241, 242, 243, 244, 245, 250, 251, 253, 254, 258, 259, 261, 262

[102String/Muon_PMT_Response]
  EPS union unique strings count: 102
  EPS strings: 29, 30, 36, 37, 44, 45, 46, 51, 52, 53, 61, 62, 68, 69, 77, 78, 79, 80, 81, 84, 85, 86, 87, 88, 95, 96
               97, 98, 99, 100, 102, 103, 104, 105, 106, 107, 114, 115, 117, 118, 121, 122, 124, 125, 153, 154, 157, 158
               161, 162, 165, 166, 172, 173, 174, 176, 177, 178, 180, 181, 182, 184, 185, 186, 192, 193, 196, 197, 200
               201, 204, 205, 214, 215, 216, 217, 218, 222, 223, 224, 225, 226, 232, 233, 234, 235, 236, 237, 240, 241
               242, 243, 244, 245, 250, 251, 253, 254, 258, 259, 261, 262
  NONOISE union unique strings count: 102
  NONOISE strings: 29, 30, 36, 37, 44, 45, 46, 51, 52, 53, 61, 62, 68, 69, 77, 78, 79, 80, 81, 84, 85, 86, 87, 88, 95
                   96, 97, 98, 99, 100, 102, 103, 104, 105, 106, 107, 114, 115, 117, 118, 121, 122, 124, 125, 153, 154
                   157, 158, 161, 162, 165, 166, 172, 173, 174, 176, 177, 178, 180, 181, 182, 184, 185, 186, 192, 193
                   196, 197, 200, 201, 204, 205, 214, 215, 216, 217, 218, 222, 223, 224, 225, 226, 232, 233, 234, 235
                   236, 237, 240, 241, 242, 243, 244, 245, 250, 251, 253, 254, 258, 259, 261, 262

[102String/Tau_PMT_Response]
  EPS union unique strings count: 102
  EPS strings: 29, 30, 36, 37, 44, 45, 46, 51, 52, 53, 61, 62, 68, 69, 77, 78, 79, 80, 81, 84, 85, 86, 87, 88, 95, 96
               97, 98, 99, 100, 102, 103, 104, 105, 106, 107, 114, 115, 117, 118, 121, 122, 124, 125, 153, 154, 157, 158
               161, 162, 165, 166, 172, 173, 174, 176, 177, 178, 180, 181, 182, 184, 185, 186, 192, 193, 196, 197, 200
               201, 204, 205, 214, 215, 216, 217, 218, 222, 223, 224, 225, 226, 232, 233, 234, 235, 236, 237, 240, 241
               242, 243, 244, 245, 250, 251, 253, 254, 258, 259, 261, 262
  NONOISE union unique strings count: 102
  NONOISE strings: 29, 30, 36, 37, 44, 45, 46, 51, 52, 53, 61, 62, 68, 69, 77, 78, 79, 80, 81, 84, 85, 86, 87, 88, 95
                   96, 97, 98, 99, 100, 102, 103, 104, 105, 106, 107, 114, 115, 117, 118, 121, 122, 124, 125, 153, 154
                   157, 158, 161, 162, 165, 166, 172, 173, 174, 176, 177, 178, 180, 181, 182, 184, 185, 186, 192, 193
                   196, 197, 200, 201, 204, 205, 214, 215, 216, 217, 218, 222, 223, 224, 225, 226, 232, 233, 234, 235
                   236, 237, 240, 241, 242, 243, 244, 245, 250, 251, 253, 254, 258, 259, 261, 262

[340String/Electron_PMT_Response]
  EPS union unique strings count: 340
  EPS strings: 1, 2, 3, 4, 5, 6, 7, 8, 9, 10, 11, 12, 13, 14, 15, 16, 17, 18, 19, 20, 21, 22, 23, 24, 25, 26, 27, 28, 29
               30, 31, 32, 33, 34, 35, 36, 37, 38, 39, 40, 41, 42, 43, 44, 45, 46, 47, 48, 49, 50, 51, 52, 53, 54, 55
               56, 57, 58, 59, 60, 61, 62, 63, 64, 65, 66, 67, 68, 69, 70, 71, 72, 73, 74, 75, 76, 77, 78, 79, 80, 81
               82, 83, 84, 85, 86, 87, 88, 89, 90, 91, 92, 93, 94, 95, 96, 97, 98, 99, 100, 101, 102, 103, 104, 105, 106
               107, 108, 109, 110, 111, 112, 113, 114, 115, 116, 117, 118, 119, 120, 121, 122, 123, 124, 125, 126, 127
               128, 129, 130, 131, 132, 133, 134, 135, 136, 137, 138, 139, 140, 141, 142, 143, 144, 145, 146, 147, 148
               149, 150, 151, 152, 153, 154, 155, 156, 157, 158, 159, 160, 161, 162, 163, 164, 165, 166, 167, 168, 169
               170, 171, 172, 173, 174, 175, 176, 177, 178, 179, 180, 181, 182, 183, 184, 185, 186, 187, 188, 189, 190
               191, 192, 193, 194, 195, 196, 197, 198, 199, 200, 201, 202, 203, 204, 205, 206, 207, 208, 209, 210, 211
               212, 213, 214, 215, 216, 217, 218, 219, 220, 221, 222, 223, 224, 225, 226, 227, 228, 229, 230, 231, 232
               233, 234, 235, 236, 237, 238, 239, 240, 241, 242, 243, 244, 245, 246, 247, 248, 249, 250, 251, 252, 253
               254, 255, 256, 257, 258, 259, 260, 261, 262, 263, 264, 265, 266, 267, 268, 269, 270, 271, 272, 273, 274
               275, 276, 277, 278, 279, 280, 281, 282, 283, 284, 285, 286, 287, 288, 289, 290, 291, 292, 293, 294, 295
               296, 297, 298, 299, 300, 301, 302, 303, 304, 305, 306, 307, 308, 309, 310, 311, 312, 313, 314, 315, 316
               317, 318, 319, 320, 321, 322, 323, 324, 325, 326, 327, 328, 329, 330, 331, 332, 333, 334, 335, 336, 337
               338, 339, 340
  NONOISE union unique strings count: 340
  NONOISE strings: 1, 2, 3, 4, 5, 6, 7, 8, 9, 10, 11, 12, 13, 14, 15, 16, 17, 18, 19, 20, 21, 22, 23, 24, 25, 26, 27, 28
                   29, 30, 31, 32, 33, 34, 35, 36, 37, 38, 39, 40, 41, 42, 43, 44, 45, 46, 47, 48, 49, 50, 51, 52, 53
                   54, 55, 56, 57, 58, 59, 60, 61, 62, 63, 64, 65, 66, 67, 68, 69, 70, 71, 72, 73, 74, 75, 76, 77, 78
                   79, 80, 81, 82, 83, 84, 85, 86, 87, 88, 89, 90, 91, 92, 93, 94, 95, 96, 97, 98, 99, 100, 101, 102
                   103, 104, 105, 106, 107, 108, 109, 110, 111, 112, 113, 114, 115, 116, 117, 118, 119, 120, 121, 122
                   123, 124, 125, 126, 127, 128, 129, 130, 131, 132, 133, 134, 135, 136, 137, 138, 139, 140, 141, 142
                   143, 144, 145, 146, 147, 148, 149, 150, 151, 152, 153, 154, 155, 156, 157, 158, 159, 160, 161, 162
                   163, 164, 165, 166, 167, 168, 169, 170, 171, 172, 173, 174, 175, 176, 177, 178, 179, 180, 181, 182
                   183, 184, 185, 186, 187, 188, 189, 190, 191, 192, 193, 194, 195, 196, 197, 198, 199, 200, 201, 202
                   203, 204, 205, 206, 207, 208, 209, 210, 211, 212, 213, 214, 215, 216, 217, 218, 219, 220, 221, 222
                   223, 224, 225, 226, 227, 228, 229, 230, 231, 232, 233, 234, 235, 236, 237, 238, 239, 240, 241, 242
                   243, 244, 245, 246, 247, 248, 249, 250, 251, 252, 253, 254, 255, 256, 257, 258, 259, 260, 261, 262
                   263, 264, 265, 266, 267, 268, 269, 270, 271, 272, 273, 274, 275, 276, 277, 278, 279, 280, 281, 282
                   283, 284, 285, 286, 287, 288, 289, 290, 291, 292, 293, 294, 295, 296, 297, 298, 299, 300, 301, 302
                   303, 304, 305, 306, 307, 308, 309, 310, 311, 312, 313, 314, 315, 316, 317, 318, 319, 320, 321, 322
                   323, 324, 325, 326, 327, 328, 329, 330, 331, 332, 333, 334, 335, 336, 337, 338, 339, 340

[340String/Muon_PMT_Response]
  EPS union unique strings count: 340
  EPS strings: 1, 2, 3, 4, 5, 6, 7, 8, 9, 10, 11, 12, 13, 14, 15, 16, 17, 18, 19, 20, 21, 22, 23, 24, 25, 26, 27, 28, 29
               30, 31, 32, 33, 34, 35, 36, 37, 38, 39, 40, 41, 42, 43, 44, 45, 46, 47, 48, 49, 50, 51, 52, 53, 54, 55
               56, 57, 58, 59, 60, 61, 62, 63, 64, 65, 66, 67, 68, 69, 70, 71, 72, 73, 74, 75, 76, 77, 78, 79, 80, 81
               82, 83, 84, 85, 86, 87, 88, 89, 90, 91, 92, 93, 94, 95, 96, 97, 98, 99, 100, 101, 102, 103, 104, 105, 106
               107, 108, 109, 110, 111, 112, 113, 114, 115, 116, 117, 118, 119, 120, 121, 122, 123, 124, 125, 126, 127
               128, 129, 130, 131, 132, 133, 134, 135, 136, 137, 138, 139, 140, 141, 142, 143, 144, 145, 146, 147, 148
               149, 150, 151, 152, 153, 154, 155, 156, 157, 158, 159, 160, 161, 162, 163, 164, 165, 166, 167, 168, 169
               170, 171, 172, 173, 174, 175, 176, 177, 178, 179, 180, 181, 182, 183, 184, 185, 186, 187, 188, 189, 190
               191, 192, 193, 194, 195, 196, 197, 198, 199, 200, 201, 202, 203, 204, 205, 206, 207, 208, 209, 210, 211
               212, 213, 214, 215, 216, 217, 218, 219, 220, 221, 222, 223, 224, 225, 226, 227, 228, 229, 230, 231, 232
               233, 234, 235, 236, 237, 238, 239, 240, 241, 242, 243, 244, 245, 246, 247, 248, 249, 250, 251, 252, 253
               254, 255, 256, 257, 258, 259, 260, 261, 262, 263, 264, 265, 266, 267, 268, 269, 270, 271, 272, 273, 274
               275, 276, 277, 278, 279, 280, 281, 282, 283, 284, 285, 286, 287, 288, 289, 290, 291, 292, 293, 294, 295
               296, 297, 298, 299, 300, 301, 302, 303, 304, 305, 306, 307, 308, 309, 310, 311, 312, 313, 314, 315, 316
               317, 318, 319, 320, 321, 322, 323, 324, 325, 326, 327, 328, 329, 330, 331, 332, 333, 334, 335, 336, 337
               338, 339, 340
  NONOISE union unique strings count: 340
  NONOISE strings: 1, 2, 3, 4, 5, 6, 7, 8, 9, 10, 11, 12, 13, 14, 15, 16, 17, 18, 19, 20, 21, 22, 23, 24, 25, 26, 27, 28
                   29, 30, 31, 32, 33, 34, 35, 36, 37, 38, 39, 40, 41, 42, 43, 44, 45, 46, 47, 48, 49, 50, 51, 52, 53
                   54, 55, 56, 57, 58, 59, 60, 61, 62, 63, 64, 65, 66, 67, 68, 69, 70, 71, 72, 73, 74, 75, 76, 77, 78
                   79, 80, 81, 82, 83, 84, 85, 86, 87, 88, 89, 90, 91, 92, 93, 94, 95, 96, 97, 98, 99, 100, 101, 102
                   103, 104, 105, 106, 107, 108, 109, 110, 111, 112, 113, 114, 115, 116, 117, 118, 119, 120, 121, 122
                   123, 124, 125, 126, 127, 128, 129, 130, 131, 132, 133, 134, 135, 136, 137, 138, 139, 140, 141, 142
                   143, 144, 145, 146, 147, 148, 149, 150, 151, 152, 153, 154, 155, 156, 157, 158, 159, 160, 161, 162
                   163, 164, 165, 166, 167, 168, 169, 170, 171, 172, 173, 174, 175, 176, 177, 178, 179, 180, 181, 182
                   183, 184, 185, 186, 187, 188, 189, 190, 191, 192, 193, 194, 195, 196, 197, 198, 199, 200, 201, 202
                   203, 204, 205, 206, 207, 208, 209, 210, 211, 212, 213, 214, 215, 216, 217, 218, 219, 220, 221, 222
                   223, 224, 225, 226, 227, 228, 229, 230, 231, 232, 233, 234, 235, 236, 237, 238, 239, 240, 241, 242
                   243, 244, 245, 246, 247, 248, 249, 250, 251, 252, 253, 254, 255, 256, 257, 258, 259, 260, 261, 262
                   263, 264, 265, 266, 267, 268, 269, 270, 271, 272, 273, 274, 275, 276, 277, 278, 279, 280, 281, 282
                   283, 284, 285, 286, 287, 288, 289, 290, 291, 292, 293, 294, 295, 296, 297, 298, 299, 300, 301, 302
                   303, 304, 305, 306, 307, 308, 309, 310, 311, 312, 313, 314, 315, 316, 317, 318, 319, 320, 321, 322
                   323, 324, 325, 326, 327, 328, 329, 330, 331, 332, 333, 334, 335, 336, 337, 338, 339, 340

[340String/Tau_PMT_Response]
  EPS union unique strings count: 340
  EPS strings: 1, 2, 3, 4, 5, 6, 7, 8, 9, 10, 11, 12, 13, 14, 15, 16, 17, 18, 19, 20, 21, 22, 23, 24, 25, 26, 27, 28, 29
               30, 31, 32, 33, 34, 35, 36, 37, 38, 39, 40, 41, 42, 43, 44, 45, 46, 47, 48, 49, 50, 51, 52, 53, 54, 55
               56, 57, 58, 59, 60, 61, 62, 63, 64, 65, 66, 67, 68, 69, 70, 71, 72, 73, 74, 75, 76, 77, 78, 79, 80, 81
               82, 83, 84, 85, 86, 87, 88, 89, 90, 91, 92, 93, 94, 95, 96, 97, 98, 99, 100, 101, 102, 103, 104, 105, 106
               107, 108, 109, 110, 111, 112, 113, 114, 115, 116, 117, 118, 119, 120, 121, 122, 123, 124, 125, 126, 127
               128, 129, 130, 131, 132, 133, 134, 135, 136, 137, 138, 139, 140, 141, 142, 143, 144, 145, 146, 147, 148
               149, 150, 151, 152, 153, 154, 155, 156, 157, 158, 159, 160, 161, 162, 163, 164, 165, 166, 167, 168, 169
               170, 171, 172, 173, 174, 175, 176, 177, 178, 179, 180, 181, 182, 183, 184, 185, 186, 187, 188, 189, 190
               191, 192, 193, 194, 195, 196, 197, 198, 199, 200, 201, 202, 203, 204, 205, 206, 207, 208, 209, 210, 211
               212, 213, 214, 215, 216, 217, 218, 219, 220, 221, 222, 223, 224, 225, 226, 227, 228, 229, 230, 231, 232
               233, 234, 235, 236, 237, 238, 239, 240, 241, 242, 243, 244, 245, 246, 247, 248, 249, 250, 251, 252, 253
               254, 255, 256, 257, 258, 259, 260, 261, 262, 263, 264, 265, 266, 267, 268, 269, 270, 271, 272, 273, 274
               275, 276, 277, 278, 279, 280, 281, 282, 283, 284, 285, 286, 287, 288, 289, 290, 291, 292, 293, 294, 295
               296, 297, 298, 299, 300, 301, 302, 303, 304, 305, 306, 307, 308, 309, 310, 311, 312, 313, 314, 315, 316
               317, 318, 319, 320, 321, 322, 323, 324, 325, 326, 327, 328, 329, 330, 331, 332, 333, 334, 335, 336, 337
               338, 339, 340
  NONOISE union unique strings count: 340
  NONOISE strings: 1, 2, 3, 4, 5, 6, 7, 8, 9, 10, 11, 12, 13, 14, 15, 16, 17, 18, 19, 20, 21, 22, 23, 24, 25, 26, 27, 28
                   29, 30, 31, 32, 33, 34, 35, 36, 37, 38, 39, 40, 41, 42, 43, 44, 45, 46, 47, 48, 49, 50, 51, 52, 53
                   54, 55, 56, 57, 58, 59, 60, 61, 62, 63, 64, 65, 66, 67, 68, 69, 70, 71, 72, 73, 74, 75, 76, 77, 78
                   79, 80, 81, 82, 83, 84, 85, 86, 87, 88, 89, 90, 91, 92, 93, 94, 95, 96, 97, 98, 99, 100, 101, 102
                   103, 104, 105, 106, 107, 108, 109, 110, 111, 112, 113, 114, 115, 116, 117, 118, 119, 120, 121, 122
                   123, 124, 125, 126, 127, 128, 129, 130, 131, 132, 133, 134, 135, 136, 137, 138, 139, 140, 141, 142
                   143, 144, 145, 146, 147, 148, 149, 150, 151, 152, 153, 154, 155, 156, 157, 158, 159, 160, 161, 162
                   163, 164, 165, 166, 167, 168, 169, 170, 171, 172, 173, 174, 175, 176, 177, 178, 179, 180, 181, 182
                   183, 184, 185, 186, 187, 188, 189, 190, 191, 192, 193, 194, 195, 196, 197, 198, 199, 200, 201, 202
                   203, 204, 205, 206, 207, 208, 209, 210, 211, 212, 213, 214, 215, 216, 217, 218, 219, 220, 221, 222
                   223, 224, 225, 226, 227, 228, 229, 230, 231, 232, 233, 234, 235, 236, 237, 238, 239, 240, 241, 242
                   243, 244, 245, 246, 247, 248, 249, 250, 251, 252, 253, 254, 255, 256, 257, 258, 259, 260, 261, 262
                   263, 264, 265, 266, 267, 268, 269, 270, 271, 272, 273, 274, 275, 276, 277, 278, 279, 280, 281, 282
                   283, 284, 285, 286, 287, 288, 289, 290, 291, 292, 293, 294, 295, 296, 297, 298, 299, 300, 301, 302
                   303, 304, 305, 306, 307, 308, 309, 310, 311, 312, 313, 314, 315, 316, 317, 318, 319, 320, 321, 322
                   323, 324, 325, 326, 327, 328, 329, 330, 331, 332, 333, 334, 335, 336, 337, 338, 339, 340

Failures (first 20):
- /scratch/kbas/102_string/Electron_PMT_Response/electron_batch_1298.i3.gz | gzip error: iostream error
- /scratch/kbas/102_string/Electron_PMT_Response/electron_batch_1966.i3.gz | gzip error: iostream error
- /scratch/kbas/102_string/Electron_PMT_Response/electron_batch_2055.i3.gz | gzip error: iostream error
- /scratch/kbas/102_string/Electron_PMT_Response/electron_batch_2139.i3.gz | gzip error: iostream error
- /scratch/kbas/102_string/Electron_PMT_Response/electron_batch_3323.i3.gz | gzip error: iostream error
- /scratch/kbas/102_string/Electron_PMT_Response/electron_batch_4132.i3.gz | gzip error: iostream error
- /scratch/kbas/102_string/Electron_PMT_Response/electron_batch_4850.i3.gz | gzip error: iostream error
- /scratch/kbas/102_string/Electron_PMT_Response/electron_batch_6295.i3.gz | gzip error: iostream error
- /scratch/kbas/102_string/Electron_PMT_Response/electron_batch_656.i3.gz | gzip error: iostream error
- /scratch/kbas/102_string/Electron_PMT_Response/electron_batch_7155.i3.gz | gzip error: iostream error
- /scratch/kbas/102_string/Electron_PMT_Response/electron_batch_7375.i3.gz | gzip error: iostream error
- /scratch/kbas/102_string/Electron_PMT_Response/electron_batch_8600.i3.gz | gzip error: iostream error
- /scratch/kbas/102_string/Electron_PMT_Response/electron_batch_8624.i3.gz | gzip error: iostream error
- /scratch/kbas/102_string/Electron_PMT_Response/electron_batch_9829.i3.gz | gzip error: iostream error
- /scratch/kbas/102_string/Muon_PMT_Response/muon_batch_1370.i3.gz | gzip error: iostream error
- /scratch/kbas/102_string/Muon_PMT_Response/muon_batch_1473.i3.gz | gzip error: iostream error
- /scratch/kbas/102_string/Muon_PMT_Response/muon_batch_1610.i3.gz | gzip error: iostream error
- /scratch/kbas/102_string/Muon_PMT_Response/muon_batch_1743.i3.gz | gzip error: iostream error
- /scratch/kbas/102_string/Muon_PMT_Response/muon_batch_1811.i3.gz | gzip error: iostream error
- /scratch/kbas/102_string/Muon_PMT_Response/muon_batch_196.i3.gz | gzip error: iostream error
